Prob. Result GRASP GRASP-FBR GRASP-MR GRASP-PAR
Measure Value Time Value Time Value Time Value Time
big1
best 59.590 176 37.666 723 39.621 927 36.625 588
average 61.496 172 41.208 941 41.295 848 40.357 504
std.dev. 1.165 411 2.184 186 1.371 83 1.937 66
big2
best 118.69 188 93.576 1605 96.981 1114 92.470 850
average 125.12 173 98.334 1138 100.607 1052 97.453 690
std.dev. 4.178 29 3.264 229 2.189 141 2.867 125
big3
best 263.71 204 245.365 1388 242.324 1599 241.124 558
average 275.40 164 247.715 1424 248.812 1068 246.544 777
std.dev. 6.152 34 2.575 365 4.408 236 3.141 156
toy1
best 438.75 48 438.75 85 438.75 53 438.75 43
average 440.09 52 438.75 107 438.76 73 438.75 58
std.dev. 1.081 9 0 16 0.008 12 0 9
toy2
best 26.767 96 21.922 253 22.710 110 21.14 158
average 29.598 71 22.682 264 24.075 164 22.754 139
std.dev. 1.825 16 0.989 44 0.965 26 1.292 14
toy3
best 45.232 116 28.668 211 28.010 185 28.010 114
average 53.028 119 31.715 264 33.071 189 32.054 149
std.dev. 4.155 21 2.559 34 3.405 14 2.580 24