210020010
012020010
002121000
200121000
010020012
010020210
000121200
000121002
201021000
102120000
002020011
200020110
000120102
000021201
110020200
011020002
210021000
012120000
002021010
200120010
000120012
000021210
010120200
010021002
102120001
201021100
011020102
110020201
100021201
001120102
201020110
102020011
200121100
002121001
112020010
211020010
001121002
100121200
010020211
010020112
022211001
220112100
020012112
020210211
100112220
001211022
211210020
112012020
201120010
102021010
012120001
210021100
010021102
010120201
100021210
001120012
210000102
012000201
102001200
201100002
201000012
102000210
002100201
200001102
202001011
202100110
002100112
200001211
110100202
011001202
211001200
112100002
200100012
002001210
012100200
210001002
202110102
202011201
112010202
211010202
201011202
102110202
202010211
202010112
212110102
212011201
112011202
211110202
201011212
102110212
202110211
202011112
100022101
001220101
101020120
101020021
101220001
101022100
021020101
120020101
211000102
112000201
102001201
201100102
201000112
102000211
102100201
201001102
202001001
202100100
002000112
200000211
100100202
001001202
211000200
112000002
112110202
211011202
202011211
202110112
201011022
102110220
002210211
200012112
220110102
022011201
112012200
211210002
211110022
112011220
012211201
210112102
220011112
022110211
102112210
201211012
202011012
202110210
002110212
200011212
210110202
012011202
212011200
212110002
201020100
102020001
001020102
100020201
112120002
211021200
011021202
110120202
200021211
002120112
202120110
202021011
200021010
002120010
010120002
010021200
102120010
201021010
011120002
110021200
010021201
010120102
200021110
002120011
201020010
102020010
002120001
200021100
010020102
010020201
100021200
001120002
102010002
201010200
001010202
100010202
200010201
002010102
202010100
202010001
210120000
012021000
000021012
000120210
121211022
121112220
021212211
120212112
220112121
022211121
112212120
211212021
210020100
012020001
102021000
201120000
001020012
100020210
000120201
000021102
210021010
012120010
002121010
200121010
010120012
010021210
010121200
010121002
200120121
002021121
112220100
211022001
121021002
121120200
001022211
100220112
220101100
022101001
112002010
211200010
001101022
100101220
010200211
010002112
112021000
211120000
001021012
100120210
000120211
000021112
210120100
012021001
220011000
022110000
002012010
200210010
000110022
000011220
010210200
010012002
220001101
022100101
102002110
201200011
101100022
101001220
011200201
110002102
100122211
001221112
211120120
112021021
112221001
211122100
021021112
120120211
221210011
122012110
022112101
220211101
110012122
011210221
101211220
101112022
202110012
202011210
012110202
210011202
121122201
121221102
211022121
112220121
102221121
201122121
121220112
121022211
211000002
112000200
002001201
200100102
200000112
002000211
102100200
201001002
201120121
102021121
112220101
211022101
121021102
121120201
101022211
101220112
121020001
121020100
001022101
100220101
100020121
001020121
101220100
101022001
202010101
102010102
201010201
101010202
200001012
002100210
210100002
012001200
202100001
202001100
012000102
210000201
100001202
001100202
201000210
102000012
210000112
012000211
102101200
201101002
211000012
112000210
002101201
200101102
202110000
202011000
012010002
210010200
000011202
000110202
200010210
002010012
121010022
121010220
001212201
100212102
220010121
022010121
102212100
201212001
201000102
102000201
202100101
202001101
112000102
211000201
101001202
101100202
201000211
102000112
212010102
212010201
102011202
201110202
201010212
102010212
202110201
202011102
210001012
012100210
002101210
200101012
210100012
012001210
012101200
210101002
200101002
002101200
012000210
210000012
121220001
121022100
021022101
120220101
100022121
001220121
101220120
101022021
210100102
012001201
112001200
211100002
201001012
102100210
002100211
200001112
210012102
012210201
102011220
201110022
201210012
102012210
022110201
220011102
102220011
201022110
021120102
120021201
110022201
011220102
201021120
102120021
202000011
202000110
002100102
200001201
110000202
011000202
201001200
102100002
210010201
012010102
202011100
202110001
102010012
201010210
001110202
100011202
012100002
210001200
010001202
010100202
200001210
002100012
202100010
202001010
202110100
202011001
112010002
211010200
001011202
100110202
200010211
002010112
221020101
122020101
102022101
201220101
101020122
101020221
101220201
101022102
202010011
202010110
002110102
200011201
110010202
011010202
201011200
102110002
211021020
112120020
002221011
200122110
020120112
020021211
110122200
011221002
210020110
012020011
102121000
201121000
011020012
110020210
000121201
000121102
112220001
211022100
021021102
120120201
100022211
001220112
201120120
102021021
112221021
211122120
021221112
120122211
211112202
112211202
212011221
212110122
202211112
202112211
122110212
221011212
202011010
202110010
002110012
200011210
010110202
010011202
210011200
012110002
100021021
001120120
001220110
100022011
120120001
021021100
011022100
110220001
120112212
021211212
211112220
112211022
212211021
212112120
022211112
220112211
200112102
002211201
112010220
211010022
201211002
102112200
022010211
220010112
220100110
022001011
112102000
211201000
011001022
110100220
000201211
000102112
100120021
001021120
011220100
110022001
120021001
021120100
001022110
100220011
201100012
102001210
012100201
210001102
221211012
122112210
022112211
220211112
210112122
012211221
112211220
211112022
220110001
022011100
012012100
210210001
100011022
001110220
001210210
100012012
112020012
211020210
001121202
100121202
210020211
012020112
202121100
202121001
100221211
001122112
221120110
122021011
112122001
211221100
011021122
110120221
112122000
211221000
011021022
110120220
000221211
000122112
220120110
022021011
200211012
002112210
022110210
220011012
210112002
012211200
012011220
210110022
220101010
022101010
012102010
210201010
010101022
010101220
010201210
010102012
101220211
101022112
221120101
122021101
112022101
211220101
101021122
101120221
220100101
022001101
112002100
211200001
101001022
101100220
001200211
100002112
220001010
022100010
002102010
200201010
010100022
010001220
010201200
010102002
121002121
121200121
101202121
121202101
220010110
022010011
102112000
201211000
011010022
110010220
000211201
000112102
112001022
211100220
001201212
100102212
220100211
022001112
212102100
212201001
220011100
022110001
102012010
201210010
001110022
100011220
010210201
010012102
101000202
201000201
102000102
202000101
220001110
022100011
102102010
201201010
011100022
110001220
010201201
010102102
102011022
201110220
001210212
100012212
220110201
022011102
212012100
212210001
200112012
002211210
012110220
210011022
210211002
012112200
022011210
220110012
211022011
112220110
002121121
200121121
110220112
011022211
121121200
121121002
210211000
012112000
022011010
220110010
000112012
000211210
010110220
010011022
220110100
022011001
112012000
211210000
001011022
100110220
000210211
000012112
220011001
022110100
002012110
200210011
100110022
001011220
011210200
110012002
221121100
122121001
112022011
211220110
001121122
100121221
110220211
011022112
110022211
011220112
201121120
102121021
112220011
211022110
021121102
120121201
112221012
211122210
021121212
120121212
210122211
012221112
212121120
212121021
102021001
201120100
001020112
100020211
100120201
001021102
211020100
112020001
221121010
122121010
012122011
210221110
010121122
010121221
110221210
011122012
112122021
211221120
011221122
110122221
120221211
021122112
221122110
122221011
102221001
201122100
021020112
120020211
100122201
001221102
211020120
112020021
220110021
022011120
012212100
210212001
120011022
021110220
001212210
100212012
121022101
121220101
101022121
101220121
220011010
022110010
002112010
200211010
010110022
010011220
010211200
010112002
101202000
021000021
120000120
000202101
220010010
022010010
002112000
200211000
010010022
010010220
000211200
000112002
221021110
122120011
102122011
201221110
011120122
110021221
110221201
011122102
200120110
002021011
112120000
211021000
011021002
110120200
000021211
000120112
211001002
112100200
002001211
200100112
221021100
122120001
102022011
201220110
001120122
100021221
110220201
011022102
220010100
022010001
102012000
201210000
001010022
100010220
000210201
000012102
110220000
011022000
021021000
120120000
000022011
000220110
000120120
000021021
220001001
022100100
002002110
200200011
100100022
001001220
011200200
110002002
220100010
022001010
012102000
210201000
010001022
010100220
000201210
000102012
210120010
012021010
012121000
210121000
010021012
010120210
000121210
000121012
220110000
022011000
012012000
210210000
000011022
000110220
000210210
000012012
220010101
022010101
102012100
201210001
101010022
101010220
001210201
100012102
220000110
022000011
102102000
201201000
011000022
110000220
000201201
000102102
002012100
200210001
100010022
001010220
001210200
100012002
220010001
022010100
002102100
200201001
110000022
011000220
001201200
100102002
220000011
022000110
000020121
100220100
001022001
121020000
221010210
122010012
202112001
202211100
012010122
210010221
100211202
001112202
011211220
110112022
220211011
022112110
201022011
102220110
002120121
200021121
110220102
011022201
121021200
121120002
220021101
022120101
102022110
201220011
101120022
101021220
011220201
110022102
120110022
021011220
011212200
110212002
220011021
022110120
002212110
200212011
211220001
112022100
022021101
220120101
100022112
001220211
101120220
101021022
210220101
012022101
122021100
221120001
101022012
101220210
001120221
100021122
220210101
022012101
122012100
221210001
101012022
101210220
001210221
100012122
220201101
022102101
122002110
221200011
101102022
101201220
011200221
110002122
211202010
112202010
022101021
220101120
010202112
010202211
120101220
021101022
211010220
112010022
202211001
202112100
022010112
220010211
100112202
001211202
112010122
211010221
101211202
101112202
221010211
122010112
202112101
202211101
220110112
022011211
112112200
211211002
211011022
112110220
002211211
200112112
112011022
211110220
001211212
100112212
220110211
022011112
212112100
212211001
210221001
012122100
022021110
220120011
100122012
001221210
011120220
110021022
211220010
112022010
022121001
220121100
010022112
010220211
100121220
001121022
112212000
211212000
021011022
120110220
000212211
000212112
220110120
022011021
221021010
122120010
002122011
200221110
010120122
010021221
110221200
011122002
202010010
002110002
200011200
010010202
112221000
211122000
021021012
120120210
000122211
000221112
210120120
012021021
102020121
201020121
101220102
101022201
121020201
121020102
201022101
102220101
001120021
100021120
010220101
010022101
120021100
021120001
101022010
101220010
012120021
210021120
010221102
010122201
120021210
021120012
201122010
102221010
100220110
001022011
121120000
121021000
011022001
110220100
000021121
000120121
010220010
010022010
020121000
000121020
110022010
011220010
001121020
100121020
010220011
010022110
020121100
020121001
020120100
020021001
110022000
011220000
001021020
100120020
000220011
000022110
000121021
000121120
010220110
010022011
120121000
021121000
011022010
110220010
001020021
100020120
000220101
000022101
120020100
021020001
101022000
101220000
022120011
220021110
010122102
010221201
110021220
011120022
201221010
102122010
101120020
101021020
011220001
110022100
020021101
020120101
100022110
001220011
100022010
001220010
001120020
100021020
010220001
010022100
020021100
020120001
200120211
002021112
212120100
212021001
112021002
211120200
001021212
100120212
211121020
112121020
012221011
210122110
020121112
020121211
110122210
011221012
012121020
210121020
010221012
010122210
020121210
020121012
210122010
012221010
210011221
012110122
202211110
202112011
122110012
221011210
011112202
110211202
110022021
011220120
001221120
100122021
120220011
021022110
021122100
120221001
011220121
110022121
120221101
021122101
121022110
121220011
101122021
101221120
011022121
110220121
100221121
001122121
121220110
121022011
121122001
121221100
010022121
010220121
100221120
001122021
121220010
121022010
021122001
120221100
112020112
211020211
101121202
202121101
102120012
201021210
011120202
110021202
210021201
012120102
202021110
202120011
121112202
121211202
211012221
112210122
202211121
202112121
122210112
221012211
211220121
112022121
122221101
221122101
121022112
121220211
101122221
101221122
022120110
220021011
110122002
011221200
011021220
110120022
200221011
002122110
112020102
211020201
101021202
101120202
201020211
102020112
202120101
202021101
210012201
012210102
202011120
202110021
102210012
201012210
021110202
120011202
102001212
201100212
212100201
212001102
012120112
210021211
110121202
011121202
211021210
112120012
202121011
202121110
001121212
100121212
210120211
012021112
212121100
212121001
112021012
211120210
112020000
211020000
001021002
100120200
000020211
000020112
200120100
002021001
112022110
211220011
101121022
101121220
011220211
110022112
220121101
022121101
221120010
122021010
012122001
210221100
010021122
010120221
100221210
001122012
202012011
202210110
002110122
200011221
110210202
011012202
221011200
122110002
021120000
120021000
010022001
010220100
000021120
000120021
100220010
001022010
002121112
200121211
110120212
011021212
211121200
112121002
212021011
212120110
012021102
210120201
100021212
001120212
201120210
102021012
212120001
212021100
021121012
120121210
010122211
010221112
210121120
012121021
112221010
211122010
110022012
011220210
001121220
100121022
210220011
012022110
022121100
220121001
020112102
020211201
110012220
011210022
201211020
102112020
022210011
220012110
210221010
012122010
022121010
220121010
010122012
010221210
010121220
010121022
122112000
221211000
011012022
110210220
000211221
000112122
220210110
022012011
211211022
112112220
022211211
220112112
110020221
011020122
201221100
102122001
122020011
221020110
001122102
100221201
211021120
112120021
102221011
201122110
021120112
120021211
110122201
011221102
001020120
100020021
100220001
001022100
021020100
120020001
100022001
001220100
110102002
011201200
011001220
110100022
200201011
002102110
022100110
220001011
120021102
021120201
101022210
101220012
201120021
102021120
012220101
210022101
110121022
011121220
011221210
110122012
220121011
022121110
012122110
210221011
011010220
110010022
200211001
002112100
022010110
220010011
100112002
001211200
010221211
010122112
220121110
022121011
112122010
211221010
011121022
110121220
210220110
012022011
122121000
221121000
011022012
110220210
000121221
000121122
212120011
212021110
012121102
210121201
110021212
011120212
201121210
102121012
210022011
012220110
002121120
200121021
110220012
011022210
021121200
120121002
020101020
010202010
120000121
021000121
101202100
101202001
121000021
121000120
001202101
100202101
020001021
020100120
000202110
000202011
120100020
021001020
011202000
110202000
001202011
100202110
020100121
020001121
110202100
011202001
121001020
121100020
100202100
001202001
121000020
020000121
101210202
101012202
221010201
122010102
202012101
202210101
102010122
201010221
001201210
100102012
220100011
022001110
012102100
210201001
110001022
011100220
022110021
220011120
010212102
010212201
120011220
021110022
201212010
102212010
110211022
011112220
021211210
120112012
220112011
022211110
012112120
210211021
010201221
010102122
220201110
022102011
122102010
221201010
011102022
110201220
112102200
211201002
211001022
112100220
002201211
200102112
220100112
022001211
011212201
110212102
220011121
022110121
102212110
201212011
121110022
121011220
001202100
100202001
120000021
021000120
012002010
210200010
000101022
000101220
010200210
010002012
220101000
022101000
021100020
120001020
010202001
010202100
020001120
020100021
100202010
001202010
021001120
120100021
100202011
001202110
021100120
120001021
110202001
011202100
210121210
012121012
212121010
010121212
120101020
021101020
011202010
110202010
020101021
020101120
010202110
010202011
100022100
001220001
101020020
020020101
202112110
202211011
112110022
211011220
011211202
110112202
220011211
022110112
212120010
212021010
012121002
210121200
010021212
010120212
200121210
002121012
202011021
202110120
002210112
200012211
120110202
021011202
211012200
112210002
212020110
212020011
102121002
201121200
011020212
110020212
200121201
002121102
122201121
221102121
121202112
121202211
121102221
121201122
211202121
112202121
211022010
112220010
002121021
200121120
010220112
010022211
120121200
021121002
201121020
102121020
012220011
210022110
020121102
020121201
110022210
011220012
201202011
102202110
022100121
220001121
110202102
011202201
121001220
121100022
220012011
022210110
002112120
200211021
110210022
011012220
021211200
120112002
100122210
001221012
211120020
112021020
012221001
210122100
020021112
020120211
210202101
012202101
122001120
221100021
101202012
101202210
021100221
120001122
102202011
201202110
021100122
120001221
110202201
011202102
221001120
122100021
101202010
021100021
120001120
010202101
211202100
112202001
122001021
221100120
001202112
100202211
120100221
021001122
210102012
012201210
012101220
210101022
210201012
012102210
022101210
220101012
201102112
102201211
112100221
211001122
211201102
112102201
122001211
221100112
202102110
202201011
112100022
211001220
011201202
110102202
220001211
022100112
220102011
022201110
012102120
210201021
110201022
011102220
021201210
120102012
220001100
022100001
102002010
201200010
001100022
100001220
010200201
010002102
212102010
212201010
012101022
210101220
010201212
010102212
220101210
022101012
202101010
012100012
210001210
010101202
212002110
212200011
102101022
201101220
011200212
110002212
220101201
022101102
211100202
112001202
212001201
212100102
202001112
202100211
102100212
201001212
210200011
012002110
022101100
220101001
110002012
011200210
001101220
100101022
211212001
112212100
022011121
220110121
100212112
001212211
121110220
121011022
202102101
202201101
112000122
211000221
101201202
101102202
221000211
122000112
201002010
102200010
002100021
200001120
010200102
010002201
120001200
021100002
210001221
012100122
202201110
202102011
122100012
221001210
011102202
110201202
120022101
021220101
101022120
101220021
211102002
112201200
012001221
210100122
200201112
002102211
122100210
221001012
202012110
202210011
102110022
201011220
011210202
110012202
220011201
022110102
210002010
012200010
002101020
200101020
010200012
010002210
020101200
020101002
121101202
211002211
112200112
202101121
210202011
012202110
022101120
220101021
110202012
011202210
021101220
120101022
210102102
012201201
112001220
211100022
201201012
102102210
022100211
220001112
100001022
001100220
001200210
100002012
220100001
022001100
012002100
210200001
210001122
012100221
102201210
201102012
221100012
122001210
012102201
210201102
201102102
102201201
112000221
211000122
201201102
102102201
122000211
221000112
211010020
112010020
002211001
200112100
020010112
020010211
100112200
001211002
202112010
202211010
012110022
210011220
010211202
010112202
220011210
022110012
102210112
201012211
121110202
121011202
211012201
112210102
202011121
202110121
211202001
112202100
022001121
220100121
100202112
001202211
121100220
121001022
200102100
002201001
112000020
211000020
001201002
100102200
020000211
020000112
201002112
102200211
102100221
201001122
211200102
112002201
122001201
221100102
101221020
101122020
021220011
120022110
020122101
020221101
110022120
011220021
210002100
012200001
102001020
201100020
001200012
100002210
020100201
020001102
202121010
012120012
210021210
010121202
112201212
211102212
221101212
122101212
212102211
212201112
212101122
212101221
201202101
102202101
122000121
221000121
101202102
101202201
121000221
121000122
201002001
102200100
002000121
200000121
100200102
001002201
121000200
121000002
200012100
002210001
102010020
201010020
001210002
100012200
020010201
020010102
210002112
012200211
102101220
201101022
211200012
112002210
022101201
220101102
210102112
012201211
112101220
211101022
211201012
112102210
022101211
220101112
210102000
012201000
012001020
210100020
000201012
000102210
020100210
020001012
210112020
012211020
020211012
020112210
122021001
221120100
001022112
100220211
100120221
001021122
211220100
112022001
201002100
102200001
102000021
201000120
001200102
100002201
120000201
021000102
212122011
212221110
012121122
210121221
110221212
011122212
221121210
122121012
210002001
012200100
002001120
200100021
100200012
001002210
021100200
120001002
220101121
022101121
112202110
211202011
121101022
121101220
011202211
110202112
210101122
012101221
112201210
211102012
221101012
122101210
012102211
210201112
110001202
011100202
201001210
102100012
202100011
202001110
012100102
210001201
211002000
112200000
002001021
200100120
000200112
000002211
120100200
021001002
220112001
022211100
012012120
210210021
100211022
001112220
021210210
120012012
220112101
022211101
112012120
211210021
101211022
101112220
021210211
120012112
120201021
021102120
021202110
120202011
120102021
021201120
011202120
110202021
200102010
002201010
012100020
210001020
010201002
010102200
020001210
020100012
200010102
002010201
102010200
201010002
201000000
102000000
002000001
200000100
000000102
000000201
100000200
001000002
121010202
201012201
102210102
202010121
211202101
112202101
122001121
221100121
101202112
101202211
121100221
121001122
101201022
101102220
021200211
120002112
220102101
022201101
112002120
211200021
211200100
112002001
122001001
221100100
001002112
100200211
100100221
001001122
122012010
221210010
001112022
100211220
010210221
010012122
220211100
022112001
211002100
112200001
102001021
201100120
001200112
100002211
120100201
021001102
211002010
112200010
002101021
200101120
010200112
010002211
120101200
021101002
210000210
012000012
202101000
000101202
212121000
012021012
210120210
000121212
212000211
212000112
202101102
202101201
112000212
211000212
201101202
102101202
212000001
212000100
002001102
200100201
100000212
001000212
201100200
102001002
212101000
012001012
210100210
000101212
212100211
212001112
212101102
212101201
112001212
211100212
201101212
102101212
210100200
012001002
212001000
212100000
002001012
200100210
000100212
000001212
200000001
002000100
100000002
001000200
200101200
002101002
212000010
010000212
212100010
212001010
012101002
210101200
010001212
010100212
200101210
002101012
120012102
021210201
101012220
101210022
201210021
102012120
022210101
220012101
202101100
202101001
112000012
211000210
001101202
100101202
210000211
012000112
101000220
101000022
201200001
102002100
022000101
220000101
100002102
001200201
220110210
022011012
212112000
212211000
012011022
210110220
000211212
000112212
202121121
112220112
211022211
121121202
200001000
002100000
002000010
200000010
000100002
000001200
010000200
010000002
200100000
002001000
012000000
210000000
000001002
000100200
000000210
000000012
201101122
102101221
112200211
211002112
221101102
122101201
112002211
211200112
200100010
002001010
012100000
210001000
010001002
010100200
000001210
000100012
211100122
112001221
112201201
211102102
221001112
122100211
102102211
201201112
221101120
122101021
112202011
211202110
021101122
120101221
110202211
011202112
200112000
002211000
012010020
210010020
000211002
000112200
020010210
020010012
212102110
212201011
112101022
211101220
011201212
110102212
220101211
022101112
002200011
200002110
020100102
020001201
110002200
011200002
201001020
102100020
010122000
010221000
010021020
010120020
000221010
000122010
020120010
020021010
121221000
121122000
021022011
120220110
000122121
000221121
110220120
011022021
000200010
000002010
020100000
020001000
010002000
010200000
000001020
000100020
210020011
012020110
002121100
200121001
110020012
011020210
001121200
100121002
000020010
000120000
000021000
010020000
201200100
102002001
122000001
221000100
001002102
100200201
100000221
001000122
000200211
000002112
220100100
022001001
112002000
211200000
001001022
100100220
000200001
000002100
020000100
020000001
100002000
001200000
001000020
100000020
022112010
220211010
010112022
010211220
020101221
020101122
210202110
012202011
122101020
221101020
011202012
110202210
220211110
022112011
122112010
221211010
011112022
110211220
010211221
010112122
011210220
110012022
220211001
022112100
022012110
220210011
100112022
001211220
010210020
010012020
020211000
020112000
020012010
020210010
000112020
000211020
202101210
202101012
212100012
212001210
012101202
210101202
210001212
012100212
011201220
110102022
220201011
022102110
100221021
001122120
021220110
120022011
120122001
021221100
011022120
110220021
100220121
001022121
121220100
121022001
120200100
021002001
121002000
121200000
001002021
100200120
000200121
000002121
020201211
020102112
220102110
022201011
112102020
211201020
011201022
110102220
220211121
022112121
122212110
221212011
121112022
121211220
011212221
110212122
001210020
100012020
020210001
020012100
112101202
211101202
211001212
112100212
202101211
202101112
212100112
212001211
221221110
122122011
011122122
110221221
211121220
112121022
212221011
212122110
022121112
220121211
110122212
011221212
022211011
220112110
020112112
020211211
110112220
011211022
211211020
112112020
000101002
000101200
010000210
010000012
200101000
002101000
012000010
210000010
122201001
221102100
021002112
120200211
100102221
001201122
211200120
112002021
021200100
120002001
001002120
100200021
121202010
021102021
120201120
010202121
121201020
121102020
021202011
120202110
020102121
020201121
110202120
011202021
120200001
021002100
100002021
001200120
100200121
001002121
121200100
121002001
010201020
010102020
020201010
020102010
120201121
021102121
121202110
121202011
121102021
121201120
011202121
110202121
