120010020
021010020
001212000
100212000
020010021
020010120
000212100
000212001
102012000
201210000
001010022
100010220
000210201
000012102
220010100
022010001
120012000
021210000
001012020
100210020
000210021
000012120
020210100
020012001
201210002
102012200
022010201
220010102
200012102
002210201
102010220
201010022
100212200
001212002
221010020
122010020
002212001
200212100
020010122
020010221
011122002
110221200
010021221
010120122
200221110
002122011
122120010
221021010
102210020
201012020
021210002
120012200
020012201
020210102
200012120
002210021
120000201
021000102
201002100
102200001
102000021
201000120
001200102
100002201
101002022
101200220
001200221
100002122
220200101
022002101
122002100
221200001
100200021
001002120
021200100
120002001
101220201
101022102
221020101
122020101
102022101
201220101
101020122
101020221
121220201
121022102
221022101
122220101
102022121
201220121
101220122
101022221
200011202
002110202
202010210
202010012
202110002
202011200
012010202
210010202
122000201
221000102
201002102
102200201
102000221
201000122
201200102
102002201
101002002
101200200
001000221
100000122
200200101
002002101
122000100
221000001
221220101
122022101
101022122
101220221
102022011
201220110
001120122
100021221
110220201
011022102
221021100
122120001
122220011
221022110
021122102
120221201
110022221
011220122
201221120
102122021
101022021
101220120
001220121
100022121
120220101
021022101
121022100
121220001
102010200
201010002
002010201
200010102
221210001
122012100
022012101
220210101
100012122
001210221
101210220
101012022
100012020
001210020
020210001
020012100
201210020
102012020
022210001
220012100
020012102
020210201
100012220
001210022
102010020
201010020
001210002
100012200
020010201
020010102
200012100
002210001
201020001
102020100
002020101
200020101
100020102
001020201
101020200
101020002
120210000
021012000
000012021
000210120
212122011
212221110
012121122
210121221
110221212
011122212
221121210
122121012
120010200
021010002
201012000
102210000
002010021
200010120
000210102
000012201
120012020
021210020
001212020
100212020
020210021
020012120
020212100
020212001
100210212
001012212
221110200
122011002
212012001
212210100
002011122
200110221
110202200
011202002
221001020
122100020
002202011
200202110
020100122
020001221
221012000
122210000
002012021
200210120
000210122
000012221
120210200
021012002
110022000
011220000
001021020
100120020
000220011
000022110
020120100
020021001
110002202
011200202
201001220
102100022
202200011
202002110
022100102
220001201
200211122
002112221
122210210
221012012
221112002
122211200
012012221
210210122
112120022
211021220
011221202
110122202
220021211
022120112
202122110
202221011
101220021
101022120
021220101
120022101
212211102
212112201
122011212
221110212
201112212
102211212
212110221
212011122
122000001
221000100
001002102
100200201
100000221
001000122
201200100
102002001
102210212
201012212
221110202
122011202
212012201
212210102
202011122
202110221
212010002
212010200
002011202
200110202
200010212
002010212
202110200
202011002
101020202
201020201
102020102
202020101
100002021
001200120
120200001
021002100
101200002
101002200
021000201
120000102
200002101
002200101
102000120
201000021
120000221
021000122
201202100
102202001
122000021
221000120
001202102
100202201
101220000
101022000
021020001
120020100
000022101
000220101
100020120
001020021
212020011
212020110
002121102
200121201
110020212
011020212
201121200
102121002
102000201
201000102
101200202
101002202
221000201
122000102
202002101
202200101
102000122
201000221
121020201
121020102
201022101
102220101
102020121
201020121
101220102
101022201
120002021
021200120
001202120
100202021
120200021
021002120
021202100
120202001
100202001
001202100
021000120
120000021
212110002
212011200
012011202
210110202
200011212
002110212
202110210
202011012
120200201
021002102
221002100
122200001
102002021
201200120
001200122
100002221
120021201
021120102
201022110
102220011
102120021
201021120
011220102
110022201
201110022
102011220
012210201
210012102
220011102
022110201
102012210
201210012
101000022
101000220
001200201
100002102
220000101
022000101
102002100
201200001
120020102
021020201
101022200
101220002
201020021
102020120
002220101
200022101
021200001
120002100
020002101
020200101
100002120
001200021
101200020
101002020
101220200
101022002
221020001
122020100
002022101
200220101
100020122
001020221
112010202
211010202
201011202
102110202
202010211
202010112
202110102
202011201
101020022
101020220
001220201
100022102
220020101
022020101
102022100
201220001
122012010
221210010
001112022
100211220
010210221
010012122
220211100
022112001
120010220
021010022
201212000
102212000
022010021
220010120
000212102
000212201
221110002
122011200
012012201
210210102
200011122
002110221
102210210
201012012
221112012
122211210
012112221
210211122
122221101
221122101
121022112
121220211
101122221
101221122
211220121
112022121
101022020
101220020
001220021
100022120
020220101
020022101
120022100
021220001
200012012
002210210
002110220
200011022
210210002
012012200
022011200
220110002
210221121
012122121
122221110
221122011
121122012
121221210
011122221
110221122
100221201
001122102
221020110
122020011
102122001
201221100
011020122
110020221
110200220
011002022
221201000
122102000
022002011
220200110
000102122
000201221
200210012
002012210
022110200
220011002
210012002
012210200
002011220
200110022
102200021
201002120
021200102
120002201
112122021
211221120
011221122
110122221
120221211
021122112
221122110
122221011
110220002
011022200
021021200
120120002
200022011
002220110
002120120
200021021
221010021
122010120
002212101
200212101
120010122
021010221
101212200
101212002
200112122
002211221
112210220
211012022
221211002
122112200
022012211
220210112
221211000
122112000
022012011
220210110
000112122
000211221
110210220
011012022
100122021
001221120
011220120
110022021
120221001
021122100
021022110
120220011
110202020
011202020
021201020
120102020
020202011
020202110
020102120
020201021
202110122
202011221
112210202
211012202
221011202
122110202
202012211
202210112
110200202
011002202
221001200
122100002
202002011
202200110
002100122
200001221
110002020
011200020
001201020
100102020
020200011
020002110
020102100
020201001
212001212
212100212
202101212
212101202
110020220
011020022
201221000
102122000
022020011
220020110
000122102
000221201
221002011
122200110
002102121
200201121
110200122
011002221
121201200
121102002
110022200
011220002
201021020
102120020
002220011
200022110
020120102
020021201
202000101
102000102
201000201
101000202
110002220
011200022
201201020
102102020
022200011
220002110
020102102
020201201
201022011
102220110
002120121
200021121
110220102
011022201
121021200
121120002
100221021
001122120
021220110
120022011
120122001
021221100
011022120
110220021
122011022
221110220
001212212
100212212
220110221
022011122
212212100
212212001
120122000
021221000
011022020
110220020
000221021
000122120
020220110
020022011
110220200
011022002
221021000
122120000
002022011
200220110
000120122
000021221
110022002
011220200
001021220
100120022
200220011
002022110
022120100
220021001
112212200
211212002
221011022
122110220
002212211
200212112
220110122
022011221
220011122
022110221
102212210
201212012
221110022
122011220
012212201
210212102
221112021
122211120
012212121
210212121
120211122
021112221
121212210
121212012
201012002
102210200
002010221
200010122
200210102
002012201
122010200
221010002
112212020
211212020
021211022
120112220
020212211
020212112
220112120
022211021
221211012
122112210
022112211
220211112
210112122
012211221
112211220
211112022
201112002
102211200
012010221
210010122
200211102
002112201
122010210
221010012
110220012
011022210
021121200
120121002
210022011
012220110
002121120
200121021
212011202
212110202
202011212
202110212
110022020
011220020
001221020
100122020
020220011
020022110
020122100
020221001
202101000
012000012
210000210
000101202
110020020
011020020
001221000
100122000
020020011
020020110
000122100
000221001
112012220
211210022
201211022
102112220
022210211
220012112
220112102
022211201
100210220
001012022
221210000
122012000
022012001
220210100
000012122
000210221
122002001
221200100
001002122
100200221
112012200
211210002
201011022
102110220
002210211
200012112
220110102
022011201
110020200
011020002
201021000
102120000
002020011
200020110
000120102
000021201
220110000
022011000
012012000
210210000
000011022
000110220
000210210
000012012
110002002
011200200
001001220
100100022
200200011
002002110
022100100
220001001
110200020
011002020
021201000
120102000
020002011
020200110
000102120
000201021
120210020
021012020
021212000
120212000
020012021
020210120
000212120
000212021
110220000
011022000
021021000
120120000
000022011
000220110
000120120
000021021
110020202
011020202
201021200
102120002
202020011
202020110
002120102
200021201
110000220
011000022
201201000
102102000
022000011
220000110
000102102
000201201
001021200
100120002
200020011
002020110
002120100
200021001
110020002
011020200
001201200
100102002
220000011
022000110
002102100
200201001
110000022
011000220
000010212
200110200
002011002
212010000
112020120
211020021
101221002
101122200
021020211
120020112
200122101
002221101
022122110
220221011
110122022
011221220
102011022
201110220
001210212
100012212
220110201
022011102
212012100
212210001
110012202
011210202
201011220
102110022
202210011
202012110
022110102
220011201
210220011
012022110
022121100
220121001
110022012
011220210
001121220
100121022
122110002
221011200
011012202
110210202
200011221
002110122
202210110
202012011
120110202
021011202
211012200
112210002
202011021
202110120
002210112
200012211
110120202
011021202
211021200
112120002
202021011
202120110
002120112
200021211
110102202
011201202
211001220
112100022
202201011
202102110
022100112
220001211
122101020
221101020
011202012
110202210
020101221
020101122
210202110
012202011
122020110
221020011
101122002
101221200
011020221
110020122
200221101
002122101
221020211
122020112
202122101
202221101
112020122
211020221
101221202
101122202
110220221
011022122
221221100
122122001
122022011
221220110
001122122
100221221
221022011
122220110
002122121
200221121
110220122
011022221
121221200
121122002
120112002
021211200
011012220
110210022
200211021
002112120
022210110
220012011
122110020
221011020
011212002
110212200
020011221
020110122
200212110
002212011
221121000
122121000
012022011
210220110
000121122
000121221
110220210
011022012
112012020
211210020
001211022
100112220
020210211
020012112
220112100
022211001
101020020
001220001
100022100
020020101
221112000
122211000
012012021
210210120
000211122
000112221
120210210
021012012
201010212
102010212
202110201
202011102
212010102
212010201
102011202
201110202
002210012
200012210
020110202
020011202
210012200
012210002
202011020
202110020
021210012
120012210
020112201
020211102
210012120
012210021
102211020
201112020
200110220
002011022
212210000
212012000
022011002
220110200
000012212
000210212
020110020
020011020
010212000
000212010
220011020
022110020
002212010
200212010
020110022
020011220
010212200
010212002
010210200
010012002
220011000
022110000
002012010
200210010
000110022
000011220
000212012
000212210
020110220
020011022
210212000
012212000
022011020
220110020
002010012
200010210
000110202
000011202
210010200
012010002
202011000
202110000
011210022
110012220
020211201
020112102
220012110
022210011
102112020
201211020
202210010
202012010
022110002
220011200
010012202
010210202
200011220
002110022
200011020
002110020
002210010
200012010
020110002
020011200
010012200
010210002
100210122
001012221
121210200
121012002
221012001
122210100
002012121
200210121
122212010
221212010
021112022
120211220
010212221
010212122
220211120
022112021
021212010
120212010
020112021
020211120
010212120
010212021
120211020
021112020
120022112
021220211
101122220
101221022
211220021
112022120
022221101
220122101
220011012
022110210
002112210
200211012
210110022
012011220
012211200
210112002
022110212
220011212
210112202
012211202
212011220
212110022
202211012
202112210
022011212
220110212
200112212
002211212
212110220
212011022
212211002
212112200
020011212
020110212
200112210
002211012
212110020
212011020
012211002
210112200
221010221
122010122
202212101
101212202
201210021
102012120
022210101
220012101
120012102
021210201
101012220
101210022
212221101
212122101
122021112
221120211
101122212
101221212
211120221
112021122
122110212
221011212
211112202
112211202
212011221
212110122
202211112
202112211
011210220
110012022
220211001
022112100
022012110
220210011
100112022
001211220
221010201
122010102
202012101
202210101
102010122
201010221
101210202
101012202
120021102
021120201
101022210
101220012
201120021
102021120
012220101
210022101
201002121
102200121
121200102
121002201
021210221
120012122
220212101
022212101
122012120
221210021
101212022
101212220
002212121
200212121
120210122
021012221
121212200
121212002
221012021
122210120
221010000
122010000
002012001
200210100
000010122
000010221
100210200
001012002
221011220
122110022
202212011
202212110
022110122
220011221
110212202
011212202
112210020
211012020
021211002
120112200
020012211
020210112
200112120
002211021
101021022
101120220
001220211
100022112
220120101
022021101
112022100
211220001
012210000
210012000
020011002
020110200
000012210
000210012
200110020
002011020
001212221
100212122
220210121
022012121
122212100
221212001
121012022
121210220
021012201
120210102
200012121
002210121
102210120
201012021
121210002
121012200
012212021
210212120
020211122
020112221
120212210
021212012
221112020
122211020
220011021
022110120
002212110
200212011
120110022
021011220
011212200
110212002
010221201
010122102
220021110
022120011
102122010
201221010
011120022
110021220
120112020
021211020
011212020
110212020
020211021
020112120
020212110
020212011
211221000
112122000
022021011
220120110
000122112
000221211
110120220
011021022
122122011
221221110
011122122
110221221
220010112
022010211
102112200
201211002
211010022
112010220
002211201
200112102
122012210
221210012
201112022
102211220
012210221
210012122
220211102
022112201
002010210
200010012
200110002
002011200
012010200
210010002
200011002
002110200
220201001
022102100
022002110
220200011
100102022
001201220
011200220
110002022
210012201
012210102
202011120
202110021
102210012
201012210
021110202
120011202
220212011
022212110
022112120
220211021
110212022
011212220
021211220
120112022
022020110
220020011
100122002
001221200
011020220
110020022
200221001
002122100
020112122
020211221
110212220
011212022
221211020
122112020
022212011
220212110
120110220
021011022
211212000
112212000
022011021
220110120
000212112
000212211
121210022
121012220
021212201
120212102
220012121
022210121
102212120
201212021
120011022
021110220
001212210
100212012
220110021
022011120
012212100
210212001
010202010
020101020
210000212
012000212
202101200
202101002
212000012
212000210
002101202
200101202
010002012
010200210
000101220
000101022
210200010
012002010
022101000
220101000
002101022
200101220
010200212
010002212
220101200
022101002
212002010
212200010
200101200
002101002
212000010
010000212
202120101
202021101
112020102
211020201
101021202
101120202
201020211
102020112
002102120
200201021
110200022
011002220
021201200
120102002
220002011
022200110
011220012
110022210
020121201
020121102
210022110
012220011
102121020
201121020
220122011
022221110
012122120
210221021
110221022
011122220
021221210
120122012
020102112
020201211
110102220
011201022
211201020
112102020
022201011
220102110
221201100
122102001
122002011
221200110
001102122
100201221
110200221
011002122
022121102
220121201
110022212
011220212
201121220
102121022
212220011
212022110
002101200
200101002
210000012
012000210
021001020
120100020
000202011
000202110
020100120
020001021
110202000
011202000
012200010
210002010
020101002
020101200
010002210
010200012
200101020
002101020
012002210
210200012
200101022
002101220
012200210
210002012
220101002
022101200
120212120
021212021
121212020
020212121
210202010
012202010
022101020
220101020
010202012
010202210
020101220
020101022
200011200
002110002
202010010
010010202
101221220
101122022
221220011
122022110
022122101
220221101
110022122
011220221
121210020
121012020
021212001
120212100
020012121
020210121
100212120
001212021
101022012
101220210
001120221
100021122
210220101
012022101
122021100
221120001
121010220
121010022
201212001
102212100
022010121
220010121
100212102
001212201
211102212
112201212
212101221
212101122
212201112
212102211
122101212
221101212
122011020
221110020
001212012
100212210
020110221
020011122
210212100
012212001
102212010
201212010
021110022
120011220
010212201
010212102
220011120
022110021
102101022
201101220
011200212
110002212
220101201
022101102
212002110
212200011
110021022
011120220
001221210
100122012
220120011
022021110
012122100
210221001
200211120
002112021
122210010
221012010
021112002
120211200
010012221
010210122
120101202
021101202
211002210
112200012
202101021
202101120
012200112
210002211
201101022
102101220
012200211
210002112
220101102
022101201
112002210
211200012
202101020
012200012
210002210
020101202
122101200
221101002
211002012
112200210
002101221
200101122
210200112
012002211
120201021
021102120
021202110
120202011
120102021
021201120
011202120
110202021
102201221
201102122
221200112
122002211
122102201
221201102
211002122
112200221
101201220
101102022
221200011
122002110
022102101
220201101
110002122
011200221
110201022
011102220
021201210
120102012
220102011
022201110
012102120
210201021
110002200
011200002
201001020
102100020
002200011
200002110
020100102
020001201
121201020
121102020
021202011
120202110
020102121
020201121
110202120
011202021
101202020
021200021
120002120
020202101
121001220
121100022
201202011
102202110
022100121
220001121
110202102
011202201
122200101
221002101
121002102
121200201
101002221
101200122
201200121
102002121
120100022
021001220
011202200
110202002
220001021
022100120
002202110
200202011
122121002
221121200
011022212
110220212
200121221
002121122
212220110
212022011
101201202
101102202
221000211
122000112
202102101
202201101
112000122
211000221
102001020
201100020
001200012
100002210
020100201
020001102
210002100
012200001
120002112
021200211
101102220
101201022
211200021
112002120
022201101
220102101
210011202
012110202
202011210
202110012
122201001
221102100
021002112
120200211
100102221
001201122
211200120
112002021
101021220
101120022
201220011
102022110
022120101
220021101
110022102
011220201
120001020
021100020
001202010
100202010
020100021
020001120
010202100
010202001
212202101
122001122
221100221
101202212
120101022
021101220
011202210
110202012
220101021
022101120
012202110
210202011
120201201
021102102
221002110
122200011
102102021
201201120
011200122
110002221
200002011
002200110
002100120
200001021
110200002
011002200
021001200
120100002
120002211
021200112
201102120
102201021
112200021
211002120
021201102
120102201
102201201
201102102
221000112
122000211
102102201
201201102
211000122
112000221
122020010
221020010
001122002
100221200
010020221
010020122
200221100
002122001
101221020
101122020
021220011
120022110
020122101
020221101
110022120
011220021
201120221
102021122
212220101
212022101
122021102
221120201
101022212
101220212
122101002
221101200
011002212
110200212
200101221
002101122
212200110
212002011
100201200
001102002
221000010
122000010
002102001
200201100
010000122
010000221
102001221
201100122
201200112
102002211
122100201
221001102
211002102
112200201
202112010
202211010
012110022
210011220
010211202
010112202
220011210
022110012
120001200
021100002
201002010
102200010
002100021
200001120
010200102
010002201
101212020
021210021
120012120
020212101
221102121
122201121
112202121
211202121
121201122
121102221
121202211
121202112
102101202
201101202
211000212
112000212
202101201
202101102
212000112
212000211
102001002
201100200
001000212
100000212
200100201
002001102
212000100
212000001
100021200
001120002
201020010
102020010
002120001
200021100
010020102
010020201
120001221
021100122
201202110
102202011
122100021
221001120
011202102
110202201
120201221
021102122
221202110
122202011
122102021
221201120
011202122
110202221
120201000
021102000
021002010
120200010
000102021
000201120
010200120
010002021
120221010
021122010
010122021
010221120
211012002
112210200
002011221
200110122
200210112
002012211
122110200
221011002
102001200
201100002
201000012
102000210
002100201
200001102
210000102
012000201
121211022
121112220
021212211
120212112
220112121
022211121
112212120
211212021
120001002
021100200
001002210
100200012
200100021
002001120
012200100
210002001
110202212
011202212
221101220
122101022
212202011
212202110
022101122
220101221
120202211
021202112
221102120
122201021
112202021
211202120
021201122
120102221
220002101
022200101
102002120
201200021
101200022
101002220
021200201
120002102
122001000
221100000
001002012
100200210
000100221
000001122
210200100
012002001
110221002
011122200
021021210
120120012
200122011
002221110
012120120
210021021
110221202
011122202
221021210
122120012
202122011
202221110
012120122
210021221
210102012
012201210
012101220
210101022
210201012
012102210
022101210
220101012
100201020
001102020
021200010
120002010
020102001
020201100
010002120
010200021
100020201
001020102
201020100
102020001
102000000
201000000
001000002
100000200
000000201
000000102
200000100
002000001
212020101
102021102
201120201
101020212
122101202
221101202
211002212
112200212
202101221
202101122
212200112
212002211
202102011
202201110
012100122
210001221
110201202
011102202
221001210
122100012
122100200
221001002
211002002
112200200
002001221
200100122
200200112
002002211
211021020
112120020
002221011
200122110
020120112
020021211
110122200
011221002
122001200
221100002
201002012
102200210
002100221
200001122
210200102
012002201
122001020
221100020
001202012
100202210
020100221
020001122
210202100
012202001
120000120
021000021
101202000
000202101
121212000
021012021
120210120
000212121
121000122
121000221
101202201
101202102
221000121
122000121
102202101
201202101
121000002
121000200
001002201
100200102
200000121
002000121
102200100
201002001
121202000
021002021
120200120
000202121
121200122
121002221
121202201
121202102
221002121
122200121
102202121
201202121
120200100
021002001
121002000
121200000
001002021
100200120
000200121
000002121
100000002
001000200
200000001
002000100
100202100
001202001
121000020
020000121
121200020
121002020
021202001
120202100
020002121
020200121
100202120
001202021
210021201
012120102
202021110
202120011
102120012
201021210
011120202
110021202
101202200
101202002
221000021
122000120
002202101
200202101
120000122
021000221
202000110
202000011
102100002
201001200
011000202
110000202
200001201
002100102
110220120
011022021
121221000
121122000
021022011
120220110
000122121
000221121
101212212
221110221
122011122
212212101
100002000
001200000
001000020
100000020
000200001
000002100
020000100
020000001
100200000
001002000
021000000
120000000
000002001
000200100
000000120
000000021
102202211
201202112
221100122
122001221
112202201
211202102
221001122
122100221
100200020
001002020
021200000
120002000
020002001
020200100
000002120
000200021
122200211
221002112
221102102
122201201
112002221
211200122
201201122
102102221
112202210
211202012
221101022
122101220
012202211
210202112
220101122
022101221
100221000
001122000
021020010
120020010
000122001
000221100
010020120
010020021
121201220
121102022
221202011
122202110
022102121
220201121
110202122
011202221
001100022
100001220
010200201
010002102
220001100
022100001
102002010
201200010
020211000
020112000
020012010
020210010
000112020
000211020
010210020
010012020
212112000
212211000
012011022
210110220
000211212
000112212
220110210
022011012
000100020
000001020
010200000
010002000
020001000
020100000
000002010
000200010
120010022
021010220
001212200
100212002
220010021
022010120
002212100
200212001
000010020
000210000
000012000
020010000
102100200
201001002
211000002
112000200
002001201
200100102
200000112
002000211
000100122
000001221
110200200
011002002
221001000
122100000
002002011
200200110
000100002
000001200
010000200
010000002
200001000
002100000
002000010
200000010
011221020
110122020
020221011
020122110
010202112
010202211
120101220
021101022
211202010
112202010
022101021
220101120
110122220
011221022
211221020
112122020
022221011
220122110
020122112
020221211
022120110
220021011
110122002
011221200
011021220
110120022
200221011
002122110
020120010
020021010
010122000
010221000
010021020
010120020
000221010
000122010
101202120
101202021
121200021
121002120
021202101
120202101
120002121
021200121
022102110
220201011
110102022
011201220
200112012
002211210
012110220
210011022
210211002
012112200
022011210
220110012
200110212
002011212
212110200
212011002
210100200
012001002
212001000
212100000
002001012
200100210
000100212
000001212
010102122
010201221
110201220
011102022
221201010
122102010
022102011
220201110
110122212
011221212
211121220
112121022
212221011
212122110
022121112
220121211
002120010
200021010
010120002
010021200
221202101
122202101
122002121
221200121
101202122
101202221
121200221
121002122
112112220
211211022
022211211
220112112
122212110
221212011
121112022
121211220
011212221
110212122
220211121
022112121
011122022
110221220
010221221
010122122
220221110
022122011
122122010
221221010
000202001
000202100
020000120
020000021
100202000
001202000
021000020
120000020
211102002
112201200
012001221
210100122
200201112
002102211
122100210
221001012
012100200
210001002
002001210
200100012
212101020
012201012
210102210
020101212
212102010
212201010
012101022
210101220
010201212
010102212
220101210
022101012
210100002
012001200
200001012
002100210
200100212
002001212
212100200
212001002
020102010
020201010
010102020
010201020
210102212
012201212
212101220
212101022
212201012
212102210
022101212
220101212
